3.847024068534144609e-02
4.586181542714812820e-01
6.485165583730793104e-01
1.269728525563532107e-01
1.515582387268832841e-02
3.052272731555990670e-03
4.909354022217962954e-15
5.881722678049806641e-01
1.437158699695000874e-01
2.221437821191129137e-03
4.825236324763200815e-03
1.530221488089561765e-01
4.410435608705091199e-04
2.507951661055586312e-01
6.871213759358884473e-06
5.985652556233552607e-02
1.561910859937057916e-01
6.519506711566082080e-01
2.461539796804058100e-01
3.054998126041871126e-02
1.039273365175229918e-02
4.176901039599411475e-02
6.210880017955445753e-01
5.630850941072643723e-01
9.785563975377008228e-02
1.862427915540835477e-01
9.089880965688179430e-04
2.953370347818311259e-02
2.773450978516136048e-02
1.667504096873021202e-01
2.350720445504566811e-02
2.060245492746476115e-01
5.140497039589583123e-02
1.509710509566287995e-01
7.692798505849680890e-02
3.506079123601056335e-01
5.036792910450446636e-02
9.633268124774190255e-01
3.854230669040472623e-01
9.807506014896841262e-02
1.784282213950899032e-01
9.371051850205988076e-01
2.315012817704863446e-01
1.135661988807741968e-01
1.191977546556689802e-06
5.941055974388714106e-02
4.426530176832695895e-01
7.138187257199096747e-02
6.138028498557349805e-02
6.344876439943740731e-01
8.145975753126561969e-01
5.227970576460854168e-01
6.070236554813329688e-01
9.139567169184753537e-01
7.768343721724532136e-01
9.938622838710194918e-01
5.969980564009682578e-01
5.604222498550688325e-01
8.856354147728255910e-01
9.127348835247710568e-01
9.616746476103819052e-01
8.744716832816725738e-01
3.452494423077568930e-01
9.902068668870560586e-01
9.349750802208580680e-01
9.729050638879535029e-01
9.460575018000101366e-01
7.606314165831271623e-01
8.000558103042397784e-01
9.410787784318747073e-01
9.953075879528067160e-01
6.920281623211648192e-01
9.081418218252149677e-01
8.714818132010113683e-01
9.475942437786724071e-01
9.375424709219855046e-01
9.908185402435374378e-01
9.263747590558669698e-01
9.895570182626083344e-01
6.040183095683454573e-01
3.051399899240284097e-01
9.946710420996680568e-01
9.009613332309996947e-01
9.867441356179780243e-01
9.012301225611605293e-01
9.656321380062797832e-01
9.693301997572231210e-01
9.135680333350157944e-01
9.356112987635183398e-01
8.652346359620126659e-01
5.955460029459099802e-01
8.233140825520302020e-01
7.916148137681414676e-01
8.243916426066999481e-01
9.214254053272881162e-01
9.422209211042330557e-01
9.649026321085072411e-01
9.255632931816958342e-01
9.461846545197047931e-01
8.293872803295125884e-01
