1.345261020423071810e-03
2.809525853209215995e-01
3.191758484231021348e-02
2.334369860716691003e-02
7.163057827346798294e-03
1.008327040336600144e-01
2.218959906157353182e-02
1.790954558957858931e-03
2.410848379563816299e-02
5.553494671222667517e-02
1.070115243474430459e-03
1.035103649142733867e-01
1.586099343861254937e-02
8.475854791221128226e-03
3.900595469504991608e-04
5.536190810625106762e-01
2.309648971631797221e-01
1.434390483527139023e-04
3.232767433540950641e-02
2.743299403459986338e-02
4.316281922003281646e-02
7.125340344328697688e-04
4.442498791850355705e-03
1.166470528459651393e-02
1.968294486506400875e-01
2.117654528373032197e-01
3.084605086606822533e-01
4.996352672056912358e-01
8.838479861873486942e-02
1.806159739572055570e-02
5.817443894556838246e-02
9.322244480768725472e-01
9.088465402016626671e-01
1.184552662355750907e-01
2.211412084875950812e-02
1.863738781357876604e-03
9.106357412617746214e-03
5.948833117158340913e-03
7.974686864408195991e-03
1.828373358295714013e-01
2.899327589862035759e-02
1.527045940848476046e-03
8.218927314618483526e-02
5.864564341828289867e-02
3.938580552029329919e-03
2.705464203912159582e-01
1.777602043210499971e-01
1.380299998417572511e-02
2.354079526861479110e-04
1.829586178894368476e-02
9.849039847426642735e-01
9.892535599216969455e-01
9.967745810202248702e-01
5.915429726876659799e-01
7.369979919557481107e-01
4.911358668595088295e-01
6.550490417622641115e-02
5.648508785836252599e-01
9.937047096660500678e-01
9.990880164661095630e-01
7.680310065632793837e-01
9.985995496902402291e-01
9.458781673298063408e-01
8.735717243856714331e-01
2.200671163477310455e-01
9.946606101533355115e-01
9.215890447177139677e-01
9.977110308210320744e-01
9.945679489609261514e-01
4.131849858369543993e-01
9.898966098173465067e-01
9.967219161176994469e-01
9.998249371622737192e-01
9.881765113123112121e-01
7.612642315970847839e-01
7.598659282505835222e-01
9.959116403443101229e-01
9.904456888548254234e-01
9.608702972223301941e-01
9.297029113046120230e-01
2.295480359174242035e-01
9.664733396907279062e-01
6.908506231754499849e-01
8.981950980973831822e-01
9.992210500269306239e-01
9.942491947551478360e-01
9.442409806228595492e-01
9.945723991683799170e-01
9.905588901411457314e-01
7.281471307579375773e-01
9.398187477345750773e-01
9.429751568075450674e-01
4.354567969956569251e-01
9.994614705978692726e-01
9.435173125018438967e-01
8.902726174974834317e-01
9.869587545395251960e-01
9.954498464127317092e-01
9.996325110524487689e-01
9.369800885099432985e-01
