6.162391548903087268e-02
6.048796810421930292e-01
6.053557841229251224e-01
1.150513690437632991e-01
9.795695982369669041e-02
1.905903343325637822e-02
3.871935330042517674e-08
5.272944974434782273e-01
1.071641904732896639e-01
2.238367552464374730e-02
1.133818401659233560e-01
1.322096958539945299e-01
6.894627907741308730e-03
2.979540998265430285e-01
3.119748105052696889e-03
6.957643340269399623e-02
2.480807931599826877e-01
6.690340108127046381e-01
6.571842329756413248e-01
8.227551692334014732e-02
5.158042529944306676e-02
4.680143614011726683e-02
5.689821863695564419e-01
6.439194139567865349e-01
1.346114521751587689e-01
3.293513310152703100e-01
1.553648531541615418e-02
3.272176637052449238e-02
2.963069974300992782e-02
1.972130872159480186e-01
3.299479026391393538e-02
1.847281451100414029e-01
5.104753564547651751e-02
2.516936724491150024e-01
4.053097681124289697e-01
5.007484866558068459e-01
6.880660175541705725e-02
9.451180029015399109e-01
3.169660334385233091e-01
8.599453265069409436e-02
2.846877471988986663e-01
9.152471216280424482e-01
1.977353923890418641e-01
1.343264358888904830e-01
7.939159092392348649e-04
5.778242549591152549e-02
4.240560689444518583e-01
9.402456921319858607e-02
7.690604985149462891e-02
6.168790916165544091e-01
8.909570174091584471e-01
3.956286568812477089e-01
7.609474808329907969e-01
8.343763411288291909e-01
7.273790799991549649e-01
9.860844854720661745e-01
5.385272598199708494e-01
4.893947412286388521e-01
8.166151050477165052e-01
8.877056439274934041e-01
9.317912528482401591e-01
8.255501356163145177e-01
2.597038690571766839e-01
9.790245634104650652e-01
9.156122032100026953e-01
9.419300737527565026e-01
9.101277070210082032e-01
8.270696437726547945e-01
6.881942526489722711e-01
9.182383228946930931e-01
9.910488696733732450e-01
5.662167894596240592e-01
8.443637702663906452e-01
7.792128150709308754e-01
9.102252996054600587e-01
9.319032736499698322e-01
9.769546346480693089e-01
8.586693531147105984e-01
9.830833045893428990e-01
4.748240518419735157e-01
2.275697924237363445e-01
9.950244500848012263e-01
8.824186277671456358e-01
9.752987402038498788e-01
8.257180666971667415e-01
9.407480118178400685e-01
9.419868846814294372e-01
8.530695142675520648e-01
8.902760775467876142e-01
9.307810731353813871e-01
4.645490332292919744e-01
7.525980650207810818e-01
7.167322393843694739e-01
7.660901080304058919e-01
8.790764865208445800e-01
8.859814324756641879e-01
9.226029691285432266e-01
8.745839080203949845e-01
9.501455362742666777e-01
7.261190624832036811e-01
