1.122395837187670740e-03
2.850577594309018359e-01
2.987461295368947986e-02
2.159374732841096156e-02
6.421953385316575731e-03
9.966059062526810841e-02
2.054818065223708301e-02
1.497259888685391251e-03
2.237078231070014148e-02
5.316242409695792759e-02
8.852684706678089080e-04
1.013567703555259270e-01
1.459330243643693764e-02
7.544412384790108971e-03
3.139241713751680560e-04
5.680007358738629053e-01
2.333994686451638934e-01
1.103694003856537899e-04
3.034960893413115104e-02
2.548345921541284725e-02
4.088918650298050544e-02
5.813985227739354748e-04
3.865195399149237623e-03
1.048479805851009784e-02
1.976863673340244210e-01
2.132238519326379589e-01
3.146446900545680214e-01
5.129215327399606617e-01
8.597635497060944487e-02
1.654448278557431318e-02
5.594023841986391077e-02
9.413127279612270026e-01
9.193952428936951193e-01
1.167248893571836421e-01
2.038536308545636777e-02
1.575773976640556118e-03
8.163686839669070244e-03
5.245275609362483847e-03
7.084969364615612865e-03
1.820934384754131496e-01
2.709171887940755794e-02
1.276111044031959414e-03
7.988861273839213684e-02
5.635238767058354387e-02
3.408698669846904009e-03
2.745658850368317694e-01
1.779691999251464818e-01
1.247819082704243812e-02
1.843393744236650309e-04
1.678259833198030709e-02
9.877135412247263213e-01
9.913311828780979607e-01
9.975135566510847651e-01
6.084478357028219042e-01
7.541124016170294153e-01
5.050427575265437063e-01
6.330049340364983512e-02
5.804186747258947010e-01
9.950174538945798508e-01
9.993315840400084360e-01
7.855252878720693221e-01
9.989482494782000455e-01
9.537145822645891613e-01
8.865974343359269705e-01
2.213223484726419554e-01
9.958350552474264372e-01
9.316679566211549801e-01
9.982581982607166005e-01
9.957418939289096604e-01
4.226928324658065783e-01
9.918581203962864024e-01
9.974623963677081706e-01
9.998778969987951459e-01
9.905053393324255717e-01
7.774390087503398883e-01
7.773152632172600773e-01
9.968230031508259481e-01
9.923259478330084260e-01
9.664855177504615424e-01
9.387761611328597766e-01
2.316885721619625083e-01
9.717913036676186778e-01
7.090723553925527556e-01
9.102080270923408323e-01
9.994294885187823274e-01
9.954922326694713997e-01
9.524477917297883289e-01
9.957167445938248651e-01
9.924785256771956332e-01
7.462348616447047611e-01
9.479347835961982049e-01
9.506539715017000569e-01
4.462658874373690021e-01
9.996114207519498640e-01
9.509935402749094546e-01
9.027772594088246949e-01
9.894315844910479552e-01
9.964425757169612652e-01
9.997382747024780025e-01
9.457444829601278080e-01
