1.253907493898148278e-05
1.013506598374379712e-05
3.742180748783998214e-07
1.496871843843353911e-06
8.783949701074158730e-05
2.132536705893041035e-05
3.530946711231384202e-03
4.303596539480350827e-03
2.319025801212091034e-04
2.208817345169644120e-01
6.531746514625602390e-05
4.273191497881790452e-03
1.564826537376559331e-03
7.458239360678297911e-07
5.942488143500276876e-03
3.968550132671863455e-03
4.787261475533094793e-03
3.426281247004365408e-04
9.881955623347385975e-01
3.011245157751768486e-01
1.628167811013086141e-04
4.772376272833127597e-01
4.395982201614583862e-01
9.783519901506648197e-06
1.528053614363530932e-02
1.705088581086805765e-05
1.610513547608099756e-03
8.203074526538698397e-01
2.760916905476319986e-04
2.228582770933675211e-06
1.311220099174397954e-02
8.554574441935367535e-01
1.261749256883387118e-03
3.165972577117058320e-09
3.878685392948054617e-04
9.871486050456530076e-03
4.775497413556239676e-03
9.933550532469808125e-01
6.155702710344611412e-07
6.741814811774858141e-06
5.827740804865591366e-04
3.835236525046956301e-07
1.688721428130410822e-08
3.755796843814546550e-05
5.171385160396387709e-02
1.153079295656080777e-03
1.800642910595288439e-04
1.102038163501918313e-06
9.307882693823997535e-07
3.154843338085080198e-05
1.455370236065910464e-04
5.552534019403852224e-06
3.476750171828927710e-05
7.730248738965741749e-06
1.257340543825734031e-03
1.132201284911040196e-06
3.457720923468072800e-04
2.306114945666536999e-03
5.440919386514735806e-03
7.223636011623599078e-03
1.638501613132111866e-04
5.657571972976528850e-07
9.992458972758793134e-01
9.999674612720510503e-01
9.997575514182441836e-01
9.998473309087272387e-01
9.946385185560832065e-01
9.995144805533338062e-01
9.957889160387017879e-01
9.998719118923911076e-01
4.272347086413924577e-01
9.581036904948965205e-01
9.580864856022560661e-01
9.969327953828035493e-01
7.103457909470906051e-01
8.850247545421863204e-01
9.993887354743798968e-01
9.539667055562780495e-01
9.263456961634500830e-01
9.983932953797096665e-01
9.458089594078091800e-01
9.934344925417364358e-01
9.993289903813253883e-01
9.988730200011671778e-01
9.998816512714101545e-01
9.691096680035667932e-01
9.403689960554021399e-01
8.919971959783143944e-01
9.999222523995526801e-01
9.965117555695868212e-01
9.979644724751237650e-01
9.929645179478057138e-01
9.810632374321680560e-01
9.985753305952601577e-01
9.920583100662261344e-01
9.919745415522583931e-01
9.788424522460046351e-01
9.973256297570859408e-01
9.957647880905956539e-01
7.305174140285263240e-01
9.994041013672523288e-01
9.430350398290356928e-01
8.092534251358071140e-01
9.998923972144688754e-01
9.759742427933839615e-01
9.969337148633693468e-01
8.656961275028217662e-01
9.981508254605199193e-01
9.891338771727996582e-01
9.949527171274346049e-01
8.166501848486885651e-01
9.897118265907167700e-01
9.980782547778113134e-01
8.891289984166287352e-01
9.798821374553323693e-01
9.871317911758126229e-01
9.975394851685820408e-01
9.993126743097449083e-01
9.993409683222717055e-01
8.997409834920963023e-01
5.666252995498416434e-01
9.010537130632635394e-01
9.724970660742833228e-01
9.966773035791495206e-01
