4.143068253793838994e-03
2.412686862987636037e-03
1.175557633939931833e-03
2.550766272159685731e-03
9.507596122599158359e-03
5.032505565185780606e-03
3.555322023008213733e-02
1.864152406159098885e-02
1.496125732470123329e-02
5.512340960217069347e-02
8.381800181486750989e-03
1.435720287014202040e-02
2.214107798508834282e-02
2.897058001944335850e-03
1.179166078346497067e-02
1.277275926734136591e-02
1.264402462871752099e-02
9.196681776400577463e-03
1.754176980744591718e-01
5.756679169596651269e-02
1.299848228973174945e-02
7.865005464401865487e-02
1.149157485030094239e-01
2.294136839379060620e-03
1.668377864696565099e-02
5.882692377860917164e-03
1.267285293800676955e-02
1.230304212313626938e-01
8.324926450851517432e-03
1.959936509388181172e-03
3.646572002302502641e-02
5.646891304235920894e-02
1.508440443117033125e-02
5.946354210808178255e-04
8.891973469410528741e-03
3.456261659184267643e-02
2.396030322517145317e-02
2.270360223084375573e-01
1.348843694659181266e-03
2.766191855113387960e-03
1.219218147571474349e-02
2.298553968283680287e-03
7.865706184431430501e-04
4.385802972616131140e-03
5.732187763181913892e-02
1.555557039132770235e-02
4.647898055110475345e-03
3.191925292552391137e-03
1.865786349101766295e-03
5.553641314938053720e-03
7.202822094062757800e-03
2.820883232957025789e-03
5.129904239632417443e-03
3.690458030865273204e-03
1.607188435937086102e-02
3.463274034946243942e-03
8.833887595018392533e-03
2.598616950238827328e-02
1.813202434020120060e-02
2.567923505284508759e-02
1.039648910515912281e-02
1.230076021842474313e-03
2.413032725763810393e-01
3.353065371515534521e-01
2.302137523419421072e-01
2.504217328513279051e-01
2.037403650756010043e-01
2.319939252458814993e-01
1.694787877989258895e-01
3.314979755823010965e-01
6.967720902206168965e-02
1.111190934830763588e-01
1.240087030751388930e-01
2.018671114018354418e-01
9.731881118718470336e-02
1.280899225894336912e-01
2.876018248717907566e-01
1.184703141146290079e-01
1.242364613156189679e-01
1.999246705072745545e-01
1.172187576795973296e-01
1.704019241938877771e-01
2.295963314045543213e-01
2.711202084898742259e-01
2.808401178217305172e-01
1.307492530197302827e-01
1.745684902497750268e-01
1.236440339836028801e-01
3.095759302899861454e-01
1.696800572805280127e-01
2.157274987763429797e-01
1.784299723868886245e-01
1.733560999123960056e-01
2.136599102627137203e-01
1.470525420429052987e-01
1.780441517015866337e-01
1.217670169322030704e-01
1.788408016287414970e-01
1.882867055781471677e-01
8.714334381128972795e-02
2.761585413366949848e-01
1.117006923350885444e-01
9.067696493002551372e-02
2.910147027276496212e-01
1.375026568325061482e-01
1.837253543975017334e-01
1.057846932973619397e-01
1.958864936316477012e-01
1.605954487144351239e-01
1.632164433497333977e-01
1.125278923276131354e-01
1.616181409830800553e-01
1.945489936747117898e-01
1.162914395604622286e-01
1.675321292924169814e-01
1.419651933498786711e-01
1.902929732909015015e-01
2.273719028618390314e-01
2.566235408927116657e-01
1.129814126922096679e-01
7.290068701995287836e-02
1.212179068464286080e-01
1.284098989207086983e-01
1.816910233239071859e-01
