2.412333227494065438e-02
1.404805407633313852e-02
6.844774373656059736e-03
1.485203201339335526e-02
5.535870672450903668e-02
2.930214915317819538e-02
2.070113482366711388e-01
1.085417018262421623e-01
8.711306683498747094e-02
3.209602749708856950e-01
4.880367361918536845e-02
8.359591350155000378e-02
1.289181226185605322e-01
1.686834213669618013e-02
6.865784817627267056e-02
7.437036925272812182e-02
7.362080195801273819e-02
5.354838412711367818e-02
1.021382984381305592e+00
3.351870543799149171e-01
7.568465884142627775e-02
4.579459679146072326e-01
6.691057484324886007e-01
1.335778748270582787e-02
9.714257918241363254e-02
3.425242699597127322e-02
7.378865699715492221e-02
7.163540519933128126e-01
4.847252196592141682e-02
1.141188046092738058e-02
2.123244481803708006e-01
3.287945718196091938e-01
8.783010029571582111e-02
3.462310289492906770e-03
5.177419666840488849e-02
2.012434826708230928e-01
1.395107009351974903e-01
1.321934631299416907e+00
7.853745736249017131e-03
1.610636397216719945e-02
7.098991058757449235e-02
1.338350655411379118e-02
4.579867678750940488e-03
2.553667376924320317e-02
3.337610234805148957e-01
9.057350019097694382e-02
2.706274246406844414e-02
1.858522952367949038e-02
1.086368394057115987e-02
3.233650197614039434e-02
4.193898339310485335e-02
1.642480870912953889e-02
2.986926039607492103e-02
2.148797458110043510e-02
9.357977782057980143e-02
2.016517836211827522e-02
5.143598721526376066e-02
1.513064625196577917e-01
1.055751006697633332e-01
1.495193131754064264e-01
6.053435420642572229e-02
7.162211863435000506e-03
1.405006788884118674e+00
1.952347997709128480e+00
1.340437207839905609e+00
1.458099722327096393e+00
1.186293882567787561e+00
1.350802400937859415e+00
9.868032243697348882e-01
1.930172356228804453e+00
4.057008869430338560e-01
6.469994337476414614e-01
7.220501729670246727e-01
1.175386719557349746e+00
5.666462329508821227e-01
7.458133862184963547e-01
1.674583656184857494e+00
6.898024789929028122e-01
7.233763127689517569e-01
1.164076708653952963e+00
6.825151957782314982e-01
9.921782567434748179e-01
1.336842227136299632e+00
1.578618182276721793e+00
1.635213098925742514e+00
7.612975413588711771e-01
1.016438406771082548e+00
7.199268592471822492e-01
1.802529568242254632e+00
9.879751313440037208e-01
1.256089886778517961e+00
1.038922182311598830e+00
1.009379171160194488e+00
1.244051194276540206e+00
8.562246905605057634e-01
1.036675711816799961e+00
7.089977836821866886e-01
1.041314267042619868e+00
1.096313766362967401e+00
5.073987946937987825e-01
1.607954261223600856e+00
6.503858376151052667e-01
5.279735743400074677e-01
1.694455398933792489e+00
8.006197523828535445e-01
1.069754949705133518e+00
6.159394800407099746e-01
1.140564114463276546e+00
9.350793020689361912e-01
9.503402441063355521e-01
6.552022729367359410e-01
9.410340061433727366e-01
1.132776418508874006e+00
6.771158149951645999e-01
9.754686560976932874e-01
8.266032130943821166e-01
1.107995413804556017e+00
1.323890321550712068e+00
1.494210224718820701e+00
6.578429300001564783e-01
4.244698345105481496e-01
7.058005481448458296e-01
7.476764729181651914e-01
1.057909901195343672e+00
