1.200614167779242806e+07
2.830410141423362773e+06
2.053202849957332015e+07
1.606414824375467841e+06
4.785419151460412540e+05
5.704446303112672642e+06
6.888391546965978341e+05
4.822962783413826255e+05
1.907896170864181360e+06
1.133227627444497193e+05
4.191870745795513503e+06
4.964667484241037164e+05
4.190251451099202503e+06
1.847814103572189575e+06
1.463519904953790829e+05
1.168131553920400329e+06
1.589928242620739387e+06
3.150591418803805020e+06
4.078404681722509558e+05
1.231037691094668990e+05
2.118137490373480134e+06
1.181910490644659003e+05
1.183619994918326382e+06
4.787985506653010845e+06
5.787689123803534312e+05
9.576950162773134187e+06
4.095777349333812017e+05
1.099300638498994056e+06
1.744443146759704687e+06
1.470576184168513399e+06
4.950594236948845210e+05
3.469250542299757246e+06
5.676354868685146794e+06
2.496814349175981805e+07
4.650940829973940854e+05
1.463126114857949130e+07
7.774770113185368245e+05
1.288809960351078771e+06
4.542475322616036283e+05
1.017598347677211650e+07
2.684978268666284159e+06
7.236561087528934702e+06
4.600522592969794059e+05
2.036874011246906593e+05
3.453328295807215851e+06
1.084953831982951052e+07
6.563990774665833451e+06
3.444728955039780121e+05
9.951671587547278032e+05
1.477775217451186152e+06
1.527905039601035882e+06
2.278921189205992559e+05
4.057194251615590416e+06
2.184948406095449463e+05
2.127743900986263528e+06
3.523626151126648183e+05
5.847293641891459003e+06
4.574808081214915030e+06
2.960105911694294307e+06
6.965352971445908770e+05
1.098525940883209184e+07
4.080303557596292347e+06
3.985811509243715089e+06
3.187911654156230506e+05
3.457235788988126442e+05
2.808250929299722891e+06
3.829011804982618196e+05
1.382955399852708727e+07
6.569863619760869769e+05
9.052011631283429451e+05
2.675274741685018525e+05
2.525153414452947327e+05
3.448447000979851582e+05
1.606921378462552326e+06
7.997101713147762930e+05
1.960363023746519815e+06
8.543970430368833477e+05
1.070530827180429921e+07
1.947724308932185639e+06
3.754155981088707689e+06
2.219795665570674930e+06
7.460391602456486784e+06
4.392674433114798740e+06
8.100286641652302817e+06
3.009951267835619859e+06
3.100977135633433936e+05
4.324159747478163335e+05
9.320093518636764493e+05
4.433840638863985660e+05
1.482516399484452792e+06
8.788436863864434417e+05
2.237491341802537907e+06
2.913646085390693042e+06
2.157377780067230342e+05
2.968786213993196725e+05
1.969664969372783380e+05
4.728204937083802186e+06
1.979711720609753625e+06
1.152604377488735598e+06
5.433717233602793422e+05
1.659676518727923045e+06
3.155056706569981761e+05
3.471406324708219618e+05
5.756298456452371553e+06
6.790650973556361161e+06
1.080222424275326310e+06
2.615065747630543076e+06
2.730377416335348506e+06
2.601079971477867512e+05
6.457794621384941274e+05
6.699269477966927923e+06
3.388428719603475183e+05
8.309807138836603612e+06
3.907746635839695577e+06
1.555733102898920886e+06
7.606017133317807456e+05
5.323969193613578100e+05
2.419791838313635439e+06
3.747630749267170206e+06
1.438877101561720250e+06
8.534060798457235098e+06
1.468028784652362810e+06
3.825290417794711888e+06
1.699619820473593718e+05
7.237009678479491267e+05
3.115712920421898831e+06
2.616669032358608674e+05
7.606537185638173483e+06
1.573831566566879163e+06
1.604185182004393777e+06
7.579324759435125161e+05
9.451535716603826731e+06
1.160392897853792645e+07
1.816565008938750252e+05
1.529917649689319078e+05
7.230819457832584158e+05
1.108075834628275596e+07
1.405555435778835672e+05
2.084001655046118540e+05
4.756291588174957433e+05
4.300507812440175563e+06
2.673859389818687458e+06
2.652623718153719674e+05
3.633892839175295667e+05
5.173744994267128408e+06
1.337029613123732852e+05
2.412556488196536375e+05
3.474304992806972936e+06
1.905037564110480307e+05
1.563047458250147174e+05
3.701553627011443605e+05
1.342639080175766430e+05
2.400258262612452090e+05
1.259734072870173259e+06
8.208721497120340355e+06
7.416956065815096954e+05
9.062503421186735854e+06
5.473287221032575704e+06
3.092517223553108517e+06
1.036036612597949617e+07
1.974431311472742818e+06
1.461167042235941440e+07
5.369213500234174542e+06
5.573516397323637502e+05
1.031316277998746489e+06
1.835772510684609786e+07
6.595771314963442273e+04
2.303123826978280675e+06
1.118773545305420645e+06
4.045095513484410942e+06
1.157063733534688130e+06
1.377266249672535341e+06
3.982173298522598110e+06
1.278370730992226396e+06
5.428746403496234678e+06
5.490532711764025502e+06
1.506888411865450442e+07
4.158490186597751454e+05
5.509977196874896763e+05
2.270380601370970253e+06
2.108755236965506338e+06
1.901964417939152336e+05
3.337108465771562420e+06
1.027558847132734838e+06
8.822642845406455919e+06
3.703478217127800453e+05
3.314052271700334549e+07
5.371370791050054831e+05
2.770151963006528094e+07
1.133192817127919057e+06
2.084497210136926500e+06
3.286757390586890746e+06
3.828318686101955245e+05
1.150630257618719246e+06
6.971445186889921315e+05
5.106255203525052639e+05
9.408084189724648371e+06
3.054766947001623339e+05
4.350083643161196262e+06
3.138826595944159199e+05
6.132608720976051409e+05
2.071568044537489489e+07
4.362170641414068639e+06
7.366370404191937996e+04
1.566988603757323138e+07
4.427967664356892346e+05
1.968914402008412778e+07
5.697155366879319772e+06
1.225605217341601150e+06
1.558731697530271113e+07
1.820773301752595697e+06
1.797435292869554134e+06
1.043922800170659786e+06
4.721318769639379461e+05
1.787119941127672209e+05
8.152801926389889559e+05
1.519414091580194607e+07
3.139810177232736256e+06
1.958343241844074510e+05
1.226411548570151674e+06
8.752655916855679825e+06
8.848034917973546311e+06
5.682628330178336473e+05
3.347332680873521604e+05
9.110448795739511028e+06
1.805630727712745720e+05
4.498399901372545399e+06
2.719818178543105605e+05
2.253295809754104819e+06
1.806490674454841996e+06
1.116240237382974301e+05
1.322394206489462813e+05
2.599954539534471929e+06
6.821611716313127428e+06
5.021898155660199933e+06
1.636336876688601822e+07
3.603387715768495691e+05
1.367902340789079899e+06
2.579171079502849607e+05
5.623579042899818160e+05
3.172577347428391222e+05
9.582488763694303343e+05
2.181181362650325522e+06
6.547459929985523922e+05
1.331392049194422923e+07
5.726334028293728828e+06
1.160341059965785034e+07
1.425746871786982811e+05
4.014189731244776049e+05
3.277755846008033026e+06
