1.078051581498051803e-01
-9.515779857562742805e-01
7.547695055029379763e-01
1.385673932267000863e-01
8.712162196633898015e-01
2.735476197613824212e-01
2.051991301847996829e-01
9.657376555612738889e-01
1.049373585181005097e+00
8.608954914526272262e-01
1.045338459568768918e+00
-5.861512277428237994e-02
-6.551660664991487693e-01
4.693208419200218806e-01
-1.320193062934151840e-01
6.676300615300974073e-01
4.302294376230437756e-01
7.533290705789585928e-01
-6.625989419488238497e-01
-5.822587481252732289e-01
-1.907010957015664587e-02
-5.534124169810503702e-01
1.241222330713860345e-01
-8.574579046759627232e-01
-8.964856159962022453e-01
-9.427055857021180429e-01
-5.315131879160617245e-01
-5.861030706275158764e-01
-6.337479893821189592e-01
7.495298553783769080e-01
5.183024783680143521e-01
1.070891083799798249e+00
1.991874783345402022e-01
-1.227994049970035917e-01
3.815623237495486819e-01
9.424961493115446842e-01
1.129811012764534439e-01
7.497270583251742782e-01
-4.710162050625470442e-01
7.150037085342215715e-01
-5.514104963875468002e-01
-1.702585749684217831e-01
-1.913680127305994461e-01
-6.386777701930350659e-01
3.716181273542460417e-01
9.674217665868560800e-01
7.219529077523534344e-01
4.379121266265944001e-01
9.241041253828244928e-01
-7.835372835441578587e-01
8.590454204659803139e-01
7.161176469185852600e-01
-8.091275229356487131e-02
1.950905582365533575e-02
3.103896220380787385e-01
2.591386315314750943e-01
4.392232465414578346e-01
-1.008908956629608777e+00
-5.377039344828897782e-01
1.028020707356792851e+00
1.042690714717145806e+00
-4.585917682522437921e-01
-8.861744472249535320e-01
-1.791090067381961859e-02
9.012250419828546910e-01
4.880546974080228750e-01
8.989308193219143206e-01
-5.491378195462677247e-01
5.271336026075212899e-01
6.569645491380797786e-01
-6.835623527702381352e-01
1.313319368140305476e-01
-9.117134849432702026e-01
9.994273006966851725e-01
7.255539029672899431e-01
5.264961970391752732e-01
2.794905141155997752e-01
-9.904314229654485047e-01
2.749798362056692924e-01
1.166197560408545053e-01
1.751192078402583618e-01
-7.420201185937678190e-01
-9.957626404076336257e-01
6.251061808241828999e-01
-2.088426086078936095e-01
-9.028236587363839272e-01
-3.092773739660241716e-01
7.985522935976057113e-01
9.593119970632510984e-01
-5.025444986653759827e-01
-7.943292443170193451e-01
-3.658952915757396340e-01
8.746255539571539117e-01
5.528370262205710428e-02
1.060968161494573625e+00
2.475164691151690022e-01
-1.694019148319014789e-01
-9.004795960635325613e-01
-1.002613023581448992e+00
7.138037101245278127e-01
-7.464127644820677254e-01
6.107159513563475972e-02
9.197657074873912819e-01
3.262656217252874469e-01
7.433125456810403264e-01
-9.845121071849782801e-01
-4.998680832243054262e-01
-2.710112809337452688e-01
7.707237792462358072e-01
-8.731469617463964994e-01
6.549176333911432835e-02
-9.175368582667307038e-01
4.600306058641185913e-01
7.065241860127940976e-01
-9.626363537428179740e-01
-9.294853781564524908e-01
4.372005495502135908e-01
1.326668370339341152e-01
5.878242904366004495e-03
5.143967778629772170e-01
-4.921673220841658036e-01
1.265661250538878679e-01
1.912504423967931189e-02
-3.222727091275991995e-01
2.485322320834928433e-01
-3.450494653855109561e-01
-4.289379222408502557e-01
6.118907531614090622e-01
-7.723308852678787417e-01
1.052544315368399985e+00
1.870039320378720227e-01
1.224562997093968097e-01
-3.048072516371362894e-01
2.205654973441113498e-01
4.423090856185599162e-02
1.114065416653519380e-01
-9.505967968387365463e-01
-8.617863487540997625e-01
9.229335626379278068e-01
1.025827673008048002e+00
-5.764933706723063267e-01
-9.723065975302365160e-01
7.183794262949027010e-01
9.218344399866049699e-01
-4.975633375845509576e-01
-7.048791284801154688e-01
2.622885882012404579e-01
-7.078940967677578300e-01
-7.413521074254210141e-01
3.907740156985717306e-01
-1.070113440150462614e+00
-7.879487541456722255e-01
4.631571602020287948e-01
4.700948166975837950e-01
9.077707716848562036e-01
-7.331043704085296042e-01
-6.370165598394734729e-01
4.605047959298659843e-01
4.675567665725992583e-01
2.505058324362636757e-01
1.292360243295895827e-01
-1.596955704112765773e-01
1.063960154459383745e+00
5.563409118554765720e-02
6.397245289463526774e-01
-1.035854380533533181e+00
-6.985418137272496608e-01
-3.959844285132447794e-01
9.019187416521565748e-01
-6.774670052551305943e-01
2.396203845303332969e-01
9.014318015450824007e-01
5.566256221104524116e-01
4.389487706751795670e-01
7.326049435406670751e-01
-7.284951479319659029e-01
-1.739521079153636407e-01
7.456123122179074691e-01
-1.329116746002498850e-01
-6.761594180627144013e-01
4.136873311004568565e-02
4.612976336124035015e-01
-6.592944823300981305e-01
7.497444728026290139e-01
2.763786644724071095e-01
-8.912183293802735662e-01
-1.051426892955099390e+00
3.983393719931775934e-01
-6.467020751864218653e-01
3.322011633148649334e-01
7.844863209769314949e-01
-9.634995705140410038e-01
5.407641832211140809e-02
8.389251402999029494e-01
6.896317051882380200e-01
3.046797731328625414e-01
1.148538751641340339e-01
-6.574062754494551797e-01
3.108073404714275512e-01
1.043501520081134171e+00
